1|68584|5|20170331|2017|35-0980585||Harvester Financial Credit Union|7020 Brookville Road|Indianapolis|IN|46239||||||Joy Cooper|317-351-2271|317-351-2351|joy@harvesterfcu.org
2|68584|5|88002|20170606|1|1|2|1|39|3|3|20170623|26900|18|097|3579.00|2|5|5|||||7|||||1|5|17|7|9|||NA|2|3
2|68584|5|97159|20170324|1|1|3|1|54|3|1|20170411|26900|18|081|6101.00|2|2|5|||||5|||||1|2|106|7||||NA|2|2
2|68584|5|97251|20170606|1|1|3|1|39|2|1|20170623|26900|18|097|3809.02|2|5|5|||||8|||||1|5|25|7||||NA|2|1
2|68584|5|96866|20170518|1|1|3|1|11|2|3|20170607|26900|18|097|3804.03|2|5|5|||||8|||||2|5|60|7|4|||NA|2|3
2|68584|5|5096|20170515|1|1|3|1|54|2|1|20170623|26900|18|097|3310.00|2|2|3|||||3|||||1|2|50|7||||NA|2|1
2|68584|5|13109|20170511|1|1|3|1|112|3|1|20170626|26900|18|097|3305.00|2|5|3|||||8|||||1|5|41|7||||NA|2|1
2|68584|5|111010943|20170501|1|1|3|1|92|2|1|20170619|26900|18|097|3101.10|2|2|5|||||3|||||1|2|50|7||||NA|2|1
2|68584|5|90551|20170414|1|1|3|1|68|3|1|20170531|26900|18|145|7101.00|2|5|5|||||8|||||1|5|74|7||||NA|2|1
2|68584|5|94572|20170411|1|1|3|1|152|2|3|20170418|26900|18|145|7108.00|2|2|5|||||5|||||1|2|78|7|1|||NA|2|1
